PERIODO	Tasa_Desempleo(%)	IPC(%)	IMACEC(%)	IMACEC_MINERO (%)	IMACEC _NO_MINERO(%)	Indice_produccion_industrial(N)	Indice_produccion_industrial(%)
ene-20	7,4	0,6	1,09	1,91	1,01	100,86	1,8
dic-19	7,1	0,1	0,77	-0,01	0,86	111,25	3,23
nov-19	7,0	0,1	-3,98	-7,98	-3,55	103,85	-2,43
oct-19	7,1	0,8	-3,36	2,28	-3,93	101,33	-2,79
sep-19	7,3	0	3,28	0,15	3,64	96,33	0,54
ago-19	7,6	0,2	3,82	5,74	3,62	103,95	1,22
jul-19	7,6	0,2	3,07	-2,58	3,74	101,21	1,41
jun-19	7,3	0	1,37	-2,2	1,76	97,33	-3,14
may-19	7,2	0,6	2,14	-4,17	2,84	103,49	0,19
abr-19	7,1	0,3	1,88	-0,45	2,1	99,9	0,52
mar-19	7,2	0,5	1,45	-5,17	2,15	104,38	-1,61
feb-19	7,0	0	1,08	-8,73	2,13	92,44	-4,07
ene-19	7,1	0,1	1,78	-3,99	2,39	99,08	-0,75
dic-18	7,2	-0,2	3,14	3,54	3,06	107,78	3,3
nov-18	7,3	-0,1	2,91	5,59	2,63	106,44	2,05
oct-18	7,4	0,4	3,8	-8,68	5,06	104,24	1,51
sep-18	7,5	0,2	2,09	-0,33	2,17	95,81	-2,49
ago-18	7,7	0,1	2,77	-3,77	3,36	102,69	-0,33
jul-18	7,9	0,3	3,48	4,82	3,15	99,8	0,98
jun-18	7,5	0,1	4,49	6,47	4,26	100,49	5,24
may-18	7,4	0,3	4,64	8,01	4,24	103,3	3,27
abr-18	7,0	0,3	6,68	7,39	6,73	99,38	7,17
mar-18	7,4	0,2	4,82	31,35	3,04	106,1	9,12
feb-18	7,0	0,1	4,67	19,89	3,49	96,36	9,72
ene-18	6,8	0,5	4,03	4,07	4,02	99,82	3,71
dic-17	6,5	0,1	2,23	1,76	2,27	104,33	0,09
nov-17	6,7	0,1	2,79	0,81	2,96	104,31	2,03
oct-17	7,0	0,6	2,88	10,84	2,19	102,69	4,34
sep-17	7,0	-0,2	1,42	6,03	1,01	98,26	0,73
ago-17	6,9	0,2	2,13	9,78	1,48	103,03	4,01
jul-17	7,2	0,2	2,18	5,42	1,89	98,83	2,37
jun-17	7,3	-0,4	0,9	-0,54	1,03	95,49	-1,68
may-17	7,3	0,1	1,37	-3,24	1,8	100,03	-1,15
abr-17	7,1	0,2	-0,63	-0,93	-0,62	92,74	-5,04
mar-17	7,0	0,4	-0,2	-21,93	1,69	97,23	-9,19
feb-17	6,8	0,2	-1,97	-17,14	-0,6	87,82	-9,32
ene-17	6,4	0,5	0,94	-4,73	1,46	96,25	-0,7
dic-16	6,2	-0,2	0,85	-5,57	1,52	104,25	-0,65
nov-16	6,4	0,1	1,77	0,11	1,84	102,23	1,28
oct-16	6,7	0,2	-0,02	-7,91	0,82	98,42	-5,58
sep-16	7,0	0,2	1,4	-3,13	1,91	97,55	-1,51
ago-16	7,1	0	3,16	5,57	2,76	99,05	4,12
jul-16	7,3	0,2	0,74	0,17	0,76	96,55	-2,65
jun-16	7,0	0,4	1,22	-8	2,27	97,11	-4,24
may-16	7,0	0,2	2,03	-0,97	2,39	101,2	-0,28
abr-16	6,6	0,3	0,72	-5,27	1,12	97,66	-2,31
mar-16	6,5	0,4	2,97	4,49	2,7	107,07	3,45
feb-16	6,1	0,3	4,54	3,49	4,63	96,85	2,88
ene-16	5,9	0,5	1,44	-5,87	2,38	96,93	-4,38
dic-15	5,9	0	2,61	0,04	2,93	104,92	-0,7
nov-15	6,2	0	2,55	-1,12	2,98	100,94	0,62
oct-15	6,5	0,4	1,6	-1,62	2,01	104,23	0,14
sep-15	6,5	0,5	2,65	-1,77	3,22	99,05	3,23
ago-15	6,6	0,7	1,78	-8,51	3,02	95,13	-2,76
jul-15	6,7	0,4	2,46	-4,08	3,28	99,17	0,47
jun-15	6,7	0,5	2,84	2,88	2,84	101,41	2,16
may-15	6,8	0,2	1,5	-1,28	1,85	101,48	-1,08
abr-15	6,4	0,6	2,81	0,32	3,09	99,97	-0,1
mar-15	6,2	0,6	2,09	-1,84	2,53	103,5	0,42
feb-15	6,2	0,4	2,06	-1,66	2,52	94,14	0,21
ene-15	6,2	0,1	2,72	7,41	2,14	101,37	2,9
dic-14	6,2	-0,4	2,42	2,92	2,36	105,66	0,63
nov-14	6,2	0	1	-3,89	1,62	100,32	-3,65
oct-14	6,6	1	1,85	1,35	1,91	104,08	0,03
sep-14	6,8	0,8	2,48	-1,29	2,99	95,95	0,59
ago-14	6,8	0,3	0,22	-3,58	0,71	97,84	-3,12
jul-14	6,6	0,2	0,42	1,47	0,29	98,71	-1,39
jun-14	6,5	0,1	0,98	0,81	1	99,27	2,69
may-14	6,3	0,3	1,97	10,88	0,94	102,58	4,84
abr-14	6,1	0,6	1,44	5,13	1,03	100,07	3,37
mar-14	6,5	0,8	3,01	3,51	2,95	103,07	0,3
feb-14	6,2	0,5	3,34	9,99	2,57	93,94	1,59
ene-14	6,2	0,2	2,17	2,74	2,1	98,51	-1,36
