17
19
13
31
22
38
13
36
21
38
15
39
7
8
28
9
13
26
7
10
39
22
11
17
36
39
34
28
24
22
38
22
26
30
29
30
29
11
37
12
35
21
10
8
9
10
37
16
32
18
8
12
14
38
32
25
29
15
36
34
22
14
33
10
22
35
7
30
33
19
39
12
17
30
24
31
18
39
13
14
22
37
36
21
16
10
39
8
38
25
16
37
36
11
23
22
7
18
28
21
20
30
13
25
8
23
27
15
38
39
16
23
24
19
26
36
35
16
38
9
39
10
10
36
9
31
39
30
20
11
10
7
10
35
27
9
15
19
17
39
7
27
28
18
17
8
8
16
28
17
19
